poisct,itnum,obj_diff,obj_val,val_mse,test_mse,time
35,0,0.07729571250586068,0.07729571250586068,0.0076058733695721775,0.00924481949378522,0.034726
35,1,0.2258374272237531,-0.14854171471789243,0.01302046590170573,0.015142430941259213,15.831945
35,2,0.19822720897097806,0.027610218252775043,0.007023611336716508,0.007352201361870182,28.461775
35,3,0.2211351571301415,0.004702270093611599,0.007806216541310922,0.008369790305245078,41.197579
35,4,0.23995797271461936,-0.014120545490866249,0.008696362392792367,0.009536007709219687,54.636788
35,5,0.24315419402898358,-0.003196221314364228,0.008277101741484539,0.008994795991658491,59.623826
35,6,0.24315419402898358,0.0,0.008277101741484539,0.008994795991658491,63.660125
35,7,0.24315419402898358,0.0,0.008277101741484539,0.008994795991658491,67.570022
35,8,0.24315419402898358,0.0,0.008277101741484539,0.008994795991658491,71.14403
35,9,0.24315419402898358,0.0,0.008277101741484539,0.008994795991658491,74.419947
35,10,0.24315419402898358,0.0,0.008277101741484539,0.008994795991658491,78.31854
35,11,0.24315419402898358,0.0,0.008277101741484539,0.008994795991658491,81.947107
35,12,0.24315419402898358,0.0,0.008277101741484539,0.008994795991658491,85.289561
35,13,0.24315419402898358,0.0,0.008277101741484539,0.008994795991658491,89.094789
35,14,0.24315419402898358,0.0,0.008277101741484539,0.008994795991658491,92.820649
35,15,0.24315419402898358,0.0,0.008277101741484539,0.008994795991658491,96.703889
35,-1,None,None,0.008277101741484539,0.008994795991658491,96.736182
73,0,0.09626365457839284,0.09626365457839284,0.015112063142019674,0.013891524802678223,0.027973
73,1,0.21050305212471598,-0.11423939754632315,0.027410559440111337,0.020540570985201106,32.401146
73,2,0.33227401289175784,-0.12177096076704186,0.011323041622020474,0.008582357220672125,68.117333
73,3,0.33227401289175784,0.0,0.011323041622020474,0.008582357220672125,75.423057
73,4,0.33227401289175784,0.0,0.011323041622020474,0.008582357220672125,82.182412
73,5,0.33227401289175784,0.0,0.011323041622020474,0.008582357220672125,90.159399
73,6,0.33227401289175784,0.0,0.011323041622020474,0.008582357220672125,97.857671
73,7,0.33227401289175784,0.0,0.011323041622020474,0.008582357220672125,104.844912
73,8,0.33227401289175784,0.0,0.011323041622020474,0.008582357220672125,112.97008
73,9,0.33227401289175784,0.0,0.011323041622020474,0.008582357220672125,120.663364
73,10,0.33227401289175784,0.0,0.011323041622020474,0.008582357220672125,128.540416
73,11,0.33227401289175784,0.0,0.011323041622020474,0.008582357220672125,136.853675
73,12,0.33227401289175784,0.0,0.011323041622020474,0.008582357220672125,145.394192
73,13,0.33227401289175784,0.0,0.011323041622020474,0.008582357220672125,152.874332
73,14,0.33227401289175784,0.0,0.011323041622020474,0.008582357220672125,160.292868
73,15,0.33227401289175784,0.0,0.011323041622020474,0.008582357220672125,167.25773
73,-1,None,None,0.011323041622020474,0.008582357220672125,167.284545
115,0,0.10934482311123743,0.10934482311123743,0.025262977780138182,0.01895795890262452,0.036582
115,1,0.37883514739224594,-0.2694903242810085,0.04583499928666235,0.033607057501311016,46.434748
115,2,0.3089085839024569,0.06992656348978904,0.02225423306925555,0.015360832398377875,88.567973
115,3,0.35635249076470316,0.022482656627542785,0.02509293631425568,0.017826152005745596,129.898134
115,4,0.39719208270840656,-0.018356935316160616,0.028417790918935523,0.02060887143020292,169.686345
115,5,0.4022651456243548,-0.005073062915948223,0.023722445169715983,0.017757612643539557,186.933764
115,6,0.40476054555862645,-0.0024953999342716693,0.022739256367343922,0.01789616735822833,201.448114
115,7,0.40511119901214643,-0.0003506534535199779,0.02263110953527906,0.017857498231468188,213.979562
115,8,0.40511119901214643,0.0,0.02263110953527906,0.017857498231468188,225.062391
115,9,0.40511119901214643,0.0,0.02263110953527906,0.017857498231468188,237.656029
115,10,0.40511119901214643,0.0,0.02263110953527906,0.017857498231468188,250.897645
115,11,0.40511119901214643,0.0,0.02263110953527906,0.017857498231468188,261.753977
115,12,0.40511119901214643,0.0,0.02263110953527906,0.017857498231468188,273.650133
115,13,0.40511119901214643,0.0,0.02263110953527906,0.017857498231468188,287.776502
115,14,0.40511119901214643,0.0,0.02263110953527906,0.017857498231468188,299.198974
115,15,0.40511119901214643,0.0,0.02263110953527906,0.017857498231468188,311.52511
115,-1,None,None,0.02263110953527906,0.017857498231468188,311.59604
160,0,0.11504217221829875,0.11504217221829875,0.028450053225250505,0.027562408188391348,0.030268
160,1,0.3558038598164026,-0.24076168759810385,0.05520380515848166,0.04321266936770188,64.608147
160,2,0.46294892561852363,-0.10714506580212102,0.027977495079042323,0.026225951206289868,135.186439
160,3,0.46653494283040814,-0.003586017211884507,0.02463571621526418,0.02354922653159073,153.856845
160,4,0.46653494283040814,0.0,0.02463571621526418,0.02354922653159073,171.078777
160,5,0.46653494283040814,0.0,0.02463571621526418,0.02354922653159073,187.491584
160,6,0.46653494283040814,0.0,0.02463571621526418,0.02354922653159073,203.590354
160,7,0.46653494283040814,0.0,0.02463571621526418,0.02354922653159073,221.165358
160,8,0.46653494283040814,0.0,0.02463571621526418,0.02354922653159073,236.956668
160,9,0.46653494283040814,0.0,0.02463571621526418,0.02354922653159073,253.55925
160,10,0.46653494283040814,0.0,0.02463571621526418,0.02354922653159073,270.473031
160,11,0.46653494283040814,0.0,0.02463571621526418,0.02354922653159073,287.216578
160,12,0.46653494283040814,0.0,0.02463571621526418,0.02354922653159073,305.059924
160,13,0.46653494283040814,0.0,0.02463571621526418,0.02354922653159073,322.100909
160,14,0.46653494283040814,0.0,0.02463571621526418,0.02354922653159073,338.388219
160,15,0.46653494283040814,0.0,0.02463571621526418,0.02354922653159073,354.460576
160,-1,None,None,0.02463571621526418,0.02354922653159073,354.506924
210,0,0.1271923298486602,0.1271923298486602,0.03796923322856209,0.03766059926305623,0.042589
210,1,0.16522682693962612,-0.03803449709096593,0.04365718241394628,0.04037410844478859,35.155312
210,2,0.2979898357127215,-0.13276300877309535,0.04671210468919932,0.04218968291444843,78.660806
210,3,0.4657990538790706,-0.16780921816634914,0.0333170621892683,0.029518813521109508,150.998243
210,4,0.5008851965508655,-0.035086142671794884,0.02904831260748204,0.026328552938793416,183.715465
210,5,0.5008851965508655,0.0,0.02904831260748204,0.026328552938793416,204.297605
210,6,0.5008851965508655,0.0,0.02904831260748204,0.026328552938793416,226.182568
210,7,0.5008851965508655,0.0,0.02904831260748204,0.026328552938793416,248.642983
210,8,0.5008851965508655,0.0,0.02904831260748204,0.026328552938793416,270.16105
210,9,0.5008851965508655,0.0,0.02904831260748204,0.026328552938793416,292.435646
210,10,0.5008851965508655,0.0,0.02904831260748204,0.026328552938793416,313.987765
210,11,0.5008851965508655,0.0,0.02904831260748204,0.026328552938793416,335.058018
210,12,0.5008851965508655,0.0,0.02904831260748204,0.026328552938793416,358.097367
210,13,0.5008851965508655,0.0,0.02904831260748204,0.026328552938793416,380.109268
210,14,0.5008851965508655,0.0,0.02904831260748204,0.026328552938793416,402.10595
210,15,0.5008851965508655,0.0,0.02904831260748204,0.026328552938793416,424.360564
210,-1,None,None,0.02904831260748204,0.026328552938793416,424.481877
