poisct,itnum,obj_diff,obj_val,val_mse,test_mse,time
35,0,0.06692784239323889,0.06692784239323889,0.005470626921789357,0.006663488480351147,0.023224
35,1,0.179326887952724,-0.11239904555948511,0.009934812360088457,0.011079365362120333,16.020011
35,2,0.19255431814040905,-0.013227430187685046,0.005972328187354839,0.006132507061565207,31.291933
35,3,0.1948674915873957,-0.002313173446986644,0.005635076314043428,0.005899842216958002,35.716807
35,4,0.1948674915873957,0.0,0.005635076314043428,0.005899842216958002,39.078021
35,5,0.1948674915873957,0.0,0.005635076314043428,0.005899842216958002,42.503696
35,6,0.1948674915873957,0.0,0.005635076314043428,0.005899842216958002,46.342608
35,7,0.1948674915873957,0.0,0.005635076314043428,0.005899842216958002,49.580803
35,8,0.1948674915873957,0.0,0.005635076314043428,0.005899842216958002,53.124353
35,9,0.1948674915873957,0.0,0.005635076314043428,0.005899842216958002,56.891714
35,10,0.1948674915873957,0.0,0.005635076314043428,0.005899842216958002,60.40323
35,11,0.1948674915873957,0.0,0.005635076314043428,0.005899842216958002,63.950996
35,12,0.1948674915873957,0.0,0.005635076314043428,0.005899842216958002,67.256524
35,13,0.1948674915873957,0.0,0.005635076314043428,0.005899842216958002,70.693001
35,14,0.1948674915873957,0.0,0.005635076314043428,0.005899842216958002,74.516585
35,15,0.1948674915873957,0.0,0.005635076314043428,0.005899842216958002,78.115794
35,-1,None,None,0.005635076314043428,0.005899842216958002,78.150053
73,0,0.07883800038194755,0.07883800038194755,0.009823195761121273,0.009207961115196388,0.028655
73,1,0.21029854628689307,-0.13146054590494552,0.022304957169614333,0.01699170047090347,32.965335
73,2,0.21945394863987777,-0.009155402352984704,0.014323279675687178,0.010933178494268371,55.266498
73,3,0.22347184397886444,-0.004017895338986666,0.012199105259808399,0.009753409358670563,70.005364
73,4,0.2236222663088023,-0.00015042232993786597,0.011535363449044513,0.009234507709632649,80.264525
73,5,0.22336636670787022,0.00025589960093208575,0.010746595003547021,0.008313203438125236,90.361973
73,6,0.22662703280582053,-0.003004766497018224,0.01069250112694791,0.00838588975958616,100.229635
73,7,0.2266264523947126,5.804111079255048e-07,0.010744177744323664,0.008385743143705056,107.987225
73,8,0.22661670024451513,1.033256130539284e-05,0.010731390301210123,0.008385868965043758,116.03133
73,9,0.22661371429473537,1.331851108515858e-05,0.01072173766345054,0.008385924287014776,123.811698
73,10,0.22661391212097298,1.3120684847545139e-05,0.010714467463478173,0.00838594379219136,131.552358
73,11,0.22661543148179716,1.1601324023363668e-05,0.010708996333447287,0.008385946078912056,139.045508
73,12,0.22661734249636678,9.690309453747048e-06,0.010704882635246504,0.008385940862912455,146.71743
73,13,0.2266192098638305,7.822941990032195e-06,0.010701791560078179,0.008385933058571018,155.348945
73,14,0.2266208546370183,6.178168802217776e-06,0.010699469999737763,0.008385925019048404,163.964374
73,15,0.2266222256335907,4.8071722298370645e-06,0.01069772700329228,0.008385917761126618,173.080453
73,-1,None,None,0.01069250112694791,0.00838588975958616,173.158761
115,0,0.08629096322782183,0.08629096322782183,0.015469011232017646,0.012811184893890262,0.05704
115,1,0.10353368416652463,-0.0172427209387028,0.01713020196140288,0.013786258164176238,38.22114
115,2,0.17089511403704505,-0.06736142987052042,0.020408126700243192,0.015341684683688924,76.0288
115,3,0.27870268679858423,-0.10780757276153918,0.02274476502160972,0.016215285316288543,117.707333
115,4,0.35427654529688635,-0.07557385849830212,0.021131019234309375,0.015478027542749927,156.90331
115,5,0.3855583894109121,-0.031281844114025736,0.019743407838253447,0.014390935504316624,189.218618
115,6,0.3932492821366236,-0.007690892725711496,0.01918852283120256,0.01411747089458971,209.187134
115,7,0.39374671798426075,-0.0004974358476371732,0.019252699619704956,0.014094493456441816,224.324656
115,8,0.39445830891904154,-0.0007115909347807925,0.019230729499186677,0.01405544379954382,238.523732
115,9,0.3944425806235532,1.5728295488348643e-05,0.019336865846113126,0.014161055890005193,250.74054
115,10,0.3944869664955769,-2.8657576535362494e-05,0.019310101915135883,0.014134289588764804,263.584072
115,11,0.3945812403847634,-9.427388918648028e-05,0.01931515449200857,0.014108695843391555,276.137151
115,12,0.39475985254403306,-0.00017861215926967544,0.01935559827535205,0.014136554404737928,288.507684
115,13,0.3947390434576644,2.080908636864498e-05,0.019386674250239898,0.014143265728455338,301.671742
115,14,0.39474988866865507,9.963875377994036e-06,0.019378674348644383,0.014141611008453856,314.337384
115,15,0.39475553193043283,4.320613600228285e-06,0.019372775715617352,0.014140359739763521,325.842867
115,-1,None,None,0.01935559827535205,0.014136554404737928,325.913806
160,0,0.09051462386122427,0.09051462386122427,0.01765716906891357,0.018406896883875274,0.03111
160,1,0.09829610047570958,-0.007781476614485305,0.01844325809469746,0.018773390758105673,49.285679
160,2,0.1190693490876765,-0.020773248611966916,0.020597241307989712,0.019223698738321204,99.813774
160,3,0.1550885874997704,-0.036019238412093896,0.024801579634513016,0.019707963025355,150.073082
160,4,0.18330950131117008,-0.028220913811399684,0.025891117299780934,0.02033805650865744,198.722194
160,5,0.22068668469215308,-0.037377183380983,0.026730363434526658,0.020968958736426593,247.453864
160,6,0.2635582248493038,-0.04287154015715072,0.027212568826080127,0.021459973127458273,293.686658
160,7,0.3066339072597276,-0.04307568241042381,0.027269714406794418,0.021713252202152002,343.306812
160,8,0.3455146806356172,-0.03888077337588958,0.026944213564280357,0.021699648193182357,392.546918
160,9,0.3781924348860759,-0.03267775425045871,0.026455026077893233,0.021472569095691833,439.94708
160,10,0.40331321300924067,-0.025120778123164766,0.025893585535912426,0.02115878718840858,487.245661
160,11,0.421537951287058,-0.018224738277817343,0.02539269595435691,0.02082119274118734,530.794341
160,12,0.43402950976054266,-0.012491558473484654,0.025067384854747465,0.020547295618591605,569.23594
160,13,0.441591165128267,-0.007561655367724351,0.0249301268708675,0.020405617924033944,605.583469
160,14,0.44568975983715303,-0.004098594708886016,0.024809788162571393,0.02043055327257961,638.120707
160,15,0.4479487482802403,-0.002258988443087251,0.02476981228207294,0.02051909693423608,666.452499
160,16,0.44930129179927025,-0.0013525435190299695,0.024798900209782045,0.020606371949876384,693.144443
160,17,0.45041172362187404,-0.0011104318226037857,0.024885261660280433,0.020651071137887084,719.003084
160,18,0.4514266901598641,-0.0010149665379900474,0.024951412139411995,0.02070701693453859,745.161577
160,19,0.4524196441206538,-0.0009929539607896887,0.02503349689784838,0.02074425633229497,771.25976
160,20,0.4533252666994124,-0.0009056225787586469,0.02510707386925427,0.02080661382699661,794.651081
160,21,0.45426721183140506,-0.0009419451319926386,0.025185555639269473,0.020846816428996336,821.371158
160,22,0.4551526987952275,-0.0008854869638224572,0.025258997672244758,0.02090752185741137,846.164045
160,23,0.4560997488577028,-0.0009470500624753075,0.025337846221582083,0.020947896799322664,870.882615
160,24,0.4570045447811699,-0.0009047959234670944,0.02540460382486658,0.021010044441262848,896.301514
160,25,0.4579071420042652,-0.0009025972230952695,0.02549058649707725,0.021046291246412864,921.441474
160,26,0.45880833534796545,-0.0009011933437002573,0.025558652519182355,0.02110785302464522,945.801289
160,27,0.4597180914428998,-0.0009097560949343775,0.025644723849306307,0.021144351585516696,970.109691
160,28,0.4606160886036431,-0.0008979971607432913,0.02571243133997835,0.02120515926802714,993.673664
160,29,0.4615169442367195,-0.0009008556330764028,0.025798325097423552,0.021239849844387693,1017.852303
160,30,0.46239855750126907,-0.0008816132645495522,0.025863718722351797,0.02129450455909854,1041.301457
160,31,0.46328568130187475,-0.0008871238006056825,0.025948757968962503,0.02132597018638653,1066.158845
160,32,0.46415566230740357,-0.0008699810055288193,0.026013579496799707,0.021378241489123314,1089.482764
160,33,0.46503406266766834,-0.0008784003602647639,0.026098524507390003,0.02140670245615245,1114.801828
160,34,0.46589372646802674,-0.0008596638003584012,0.026160122597083797,0.02145691670028363,1138.904578
160,35,0.46673996885023017,-0.0008462423822034326,0.026240954836031397,0.02148254966294176,1162.676546
160,36,0.46752922352163984,-0.0007892546714096671,0.026293594405804234,0.02152696766868201,1185.30126
160,37,0.46833442482243043,-0.0008052013007905923,0.02635887527372939,0.021544912384328752,1210.486619
160,38,0.46907798689664615,-0.0007435620742157201,0.02639659608907522,0.02158405258310187,1233.239045
160,39,0.4699237960901807,-0.0008458091935345524,0.02644537530614204,0.02158837883011778,1255.953241
160,40,0.47057008061809646,-0.0006462845279157636,0.026487363984877794,0.02163754915691434,1278.998767
160,41,0.47136898868305155,-0.0007989080649550839,0.02653980314427275,0.021641301326675057,1303.679597
160,42,0.471958232790538,-0.000589244107486453,0.02657995887817369,0.021685104884688562,1325.733818
160,43,0.47266799786237446,-0.0007097650718364545,0.02662878674126011,0.02168210513072944,1349.310803
160,44,0.47318369866890553,-0.000515700806531072,0.0266629215115341,0.021719624733176568,1370.51862
160,45,0.47381938333602913,-0.0006356846671236038,0.026708119139339723,0.021716856644619975,1393.334537
160,46,0.4742907684478688,-0.000471385111839695,0.026729093274997614,0.021750835771242392,1414.250606
160,47,0.4748978826171693,-0.0006071141693004822,0.026766587369092078,0.021747095111125575,1434.200199
160,48,0.47534573825043647,-0.00044785563326715794,0.026788923251319985,0.02178280855038428,1454.826045
160,49,0.47591272350346164,-0.0005669852530251762,0.02682552732092402,0.021781541613736924,1476.574672
160,50,0.47627573027709325,-0.0003630067736316023,0.026837759281394268,0.021818991318034865,1496.731093
160,51,0.47677677045513256,-0.0005010401780393137,0.0268659275401005,0.02181927992274299,1517.938887
160,-1,None,None,0.0268659275401005,0.02181927992274299,1518.041394
210,0,0.09600159476392837,0.09600159476392837,0.023377141420871283,0.024619030023811335,0.027905
210,1,0.1021337061891524,-0.006132111425224032,0.024216291436254016,0.02502781163799814,56.447604
210,2,0.1235558485771672,-0.021422142388014792,0.02685063697577234,0.02545418673003086,114.055759
210,3,0.16876321107582457,-0.045207362498657366,0.03324397845637143,0.025723406177509654,171.914609
210,4,0.19712450252362762,-0.028361291447803055,0.03409911001109781,0.02615175898732504,227.326913
210,5,0.23792804814141413,-0.04080354561778651,0.03446622788962226,0.02650139197226257,283.903558
210,6,0.28788856325275974,-0.04996051511134561,0.03432230565507136,0.026631605911799305,343.129393
210,7,0.33931552748909083,-0.051426964236331085,0.033658089198417646,0.026428750658097543,403.585959
210,8,0.3858774375043463,-0.04656191001525545,0.032653173391623644,0.025886236620975965,464.021726
210,9,0.42414183267239136,-0.038264395168045084,0.03149999560258329,0.025184549145665917,524.17404
210,10,0.4524549414200383,-0.02831310874764692,0.030452293146560415,0.024510482372530666,581.665022
210,11,0.4712096209573721,-0.01875467953733384,0.029703347914488847,0.02399642014948437,633.886064
210,12,0.4821516030240604,-0.010941982066688283,0.029431879472122238,0.02369769479747726,679.189562
210,13,0.4880053615532134,-0.005853758529152986,0.029304728012251813,0.0234547633504328,717.810065
210,14,0.49049405515900296,-0.0024886936057895714,0.02939832597960483,0.023427980565449452,752.692606
210,15,0.49178908147279454,-0.0012950263137915807,0.02935987701462397,0.023416151573242398,782.521353
210,16,0.492592226367478,-0.0008031448946834718,0.029428988271360198,0.023455093912820274,809.853989
210,17,0.4933193692482158,-0.0007271428807377744,0.029403691639589637,0.023470747730106153,838.732408
210,18,0.4941166396840319,-0.000797270435816122,0.029471228542003923,0.023519899875846385,867.788546
210,19,0.4947567924783021,-0.0006401527942702101,0.029439394083333452,0.023535294700719404,895.010168
210,20,0.49536914181698655,-0.0006123493386844259,0.029522267361487314,0.0235940606351673,923.9541
210,21,0.496065270347898,-0.000696128530911444,0.029514522806453027,0.023573391023375172,951.047078
210,22,0.4964838307256552,-0.00041856037775722665,0.029584170353528894,0.023656544977745317,978.802729
210,23,0.4972257561815898,-0.0007419254559346,0.029596979411584057,0.023637480366275648,1004.779611
210,24,0.49756922160000544,-0.0003434654184156227,0.02966421206753634,0.023721026815688072,1033.615855
210,25,0.49832130783869577,-0.0007520862386903304,0.02968086802271054,0.02369793233286657,1060.267922
210,26,0.49868019337100744,-0.0003588855323116702,0.029743426368674823,0.023779133818074633,1086.901114
210,27,0.49932034048679597,-0.0006401471157885252,0.02976384970268336,0.0237645558244007,1116.459927
210,28,0.4998952101107176,-0.0005748696239216144,0.02981860435369204,0.02381929623783188,1143.57513
210,29,0.500388114198967,-0.000492904088249424,0.029842001860968206,0.023826226758496778,1172.768749
210,30,0.5009441513392522,-0.0005560371402851816,0.029896631678359858,0.02386971126813603,1200.555643
210,31,0.5014167165765154,-0.00047256523726324495,0.029920629719603718,0.02387982489498847,1227.132041
210,32,0.5020041023120781,-0.0005873857355627177,0.029983283744071273,0.023919165157974348,1255.215551
210,33,0.5023985654337934,-0.00039446312171520503,0.029982823277248702,0.02392953285919314,1281.623804
210,34,0.5029761052973933,-0.0005775398635999851,0.030063243624142044,0.02396567668394696,1307.918035
210,35,0.5033712219322634,-0.0003951166348700186,0.030059613883592715,0.023974361291176992,1333.392437
210,36,0.5038871522089146,-0.0005159302766511997,0.030143398558460793,0.02401864166142198,1359.887395
210,37,0.5044523774825804,-0.0005652252736658703,0.030135985618301872,0.024003025651724522,1386.826603
210,38,0.5047960505435665,-0.00034367306098603834,0.0302168900491275,0.024062565290439496,1412.900977
210,39,0.5053615701105503,-0.0005655195669838076,0.030199894260626543,0.024038171547511374,1438.155212
210,40,0.505689028291716,-0.00032745818116575176,0.030278892984338484,0.024096129787395067,1464.17084
210,41,0.5062260404788542,-0.0005370121871381972,0.030278364931007457,0.024066482423497987,1490.334722
210,42,0.5064939433570887,-0.0002679028782345272,0.030345944328018744,0.02412591647775999,1518.024392
210,43,0.5070145737164836,-0.0005206303593948691,0.030346105687758338,0.02409661534156581,1545.995627
210,44,0.5072587542087016,-0.00024418049221797133,0.03040948859150223,0.024154555840137426,1571.804662
210,45,0.5077683295214891,-0.0005095753127875025,0.030411131141430844,0.02412596202447291,1598.094943
210,46,0.5080028278936326,-0.0002344983721435101,0.03046597542468492,0.024180683712027716,1622.994656
210,47,0.5084760350586622,-0.0004732071650296321,0.03046335764113577,0.02414984244633354,1648.52837
210,48,0.5086481700588318,-0.00017213500016954875,0.030523715419575197,0.024201044508497648,1674.207814
210,49,0.509067244413022,-0.00041907435419019645,0.030520835303989396,0.02416626076524603,1699.895314
210,50,0.5091615079919486,-9.426357892661219e-05,0.030571623581579888,0.02420851918547361,1723.887403
210,51,0.5094903263474353,-0.00032881835548670413,0.030564957720779766,0.024174728482826358,1747.360719
210,-1,None,None,0.030564957720779766,0.024174728482826358,1747.461727
